1 1 2 3 5 8 13 21 34 55 89 144 233 377 610 987 1597 2584 4181 
0 1 1 2 3 5 8 13 21 34 55 89 144 233 377 610 987 1597 
1 0 1 1 2 3 5 8 13 21 34 55 89 144 233 377 610 
-1 1 0 1 1 2 3 5 8 13 21 34 55 89 144 233 
2 -1 1 0 1 1 2 3 5 8 13 21 34 55 89 
-3 2 -1 1 0 1 1 2 3 5 8 13 21 34 
5 -3 2 -1 1 0 1 1 2 3 5 8 13 
-8 5 -3 2 -1 1 0 1 1 2 3 5 
13 -8 5 -3 2 -1 1 0 1 1 2 
-21 13 -8 5 -3 2 -1 1 0 1 
34 -21 13 -8 5 -3 2 -1 1 
-55 34 -21 13 -8 5 -3 2 
89 -55 34 -21 13 -8 5 
-144 89 -55 34 -21 13 
233 -144 89 -55 34 
-377 233 -144 89 
610 -377 233 
-987 610 
1597 
-2584